$ANSIBLE_VAULT;1.1;AES256
32383433613264396133363437383365356539633031326661386434633930383765333333393763
3631343435336334623530343366386533306666353737330a363633656432363532303432396239
30343738643363336132616139666132343634383538343437353330363332326531356532353664
6639616364306631640a636362313563343135366531326265663464643262363061323862616364
38626666663039383739613163346366663332613233626133333532663037636538663561613065
36663866353033313036323838303630623564336236363064646238346538386566383232663035
66633634336633303832663164643633656466633237303932386662633530663532613966373462
34336464656532326439383434383139316464616163303831633761323339633835663632356365
35323733356432643866613039323333313338386561363663333436633365633333643034633564
37616565316430333835383463303362656130646334396264343264646461356436363836653633
31636632343166343436393064653366656530326537353338653233333234326433363438613337
66623363326232636266386532303434303538623434376236626162363161653234386531663961
36666565323539663139396461333938326639653034303736343435303538326239613761643964
33336430313861616432383030633337323131663965363362373865636161663837363438643463
36323062346563643265376537656539616138393338336431383439626562393466393862376137
31323361623161313233353536303830386565383832643666616563666166313938613030633564
62316135636532663663343062633434353835306663313132343530323535636363336230653165
65383535376234373730363533353932646661373763636136353465383966623433353531336565
32396435643333316235326564633530393533313133626234613630323032393130346561663438
30663763633536663462383365663761303835656538383164643965343864636262396661323331
37623934653561336537386664313131303135343662323366653838333666383333353937316435
35663633613333306233313035343765613465663662346661623062373266623539393362336637
31666665613662393961626137333532306134386465633035363939323532666330666439313263
34386330336539653861333634396530313235313763363337386235343536373930333931343636
36623538636663343833616134656261303931306266396266616438393330383730623930663563
38383833393066626538336132613137353235363931343566313134666533626266333161623566
36366365666337616361626239323762616331666438316264373064363734353233303662396563
37393531633537333335646335353439376131646131306634663331393130383866616237313331
33303364643563623933333462353764373634343965356534613035386261316630303839653538
63383332376464333831323334663233313330653062616463373763336531366131366565663937
62393038646163323636336265336433393431623830303436303064656262636238356162636132
63313062336431313331653531326530393363386631393661356133353161386265613931356562
65386262393335643330333135343739663237316564386362633062333432613336
